{"mat": [[1.0, 0.8500684169301806, 0.8818701689919121, -0.2168398090269319, -0.3149720602413466, -0.35710067231658393, -0.12691536797063696, -0.1935978292123688, -0.15932377551704135, -0.23819646774870873, 0.0, 0.0, 0.0, -0.155075028332599, 0.6564312865439469, 0.6994415172289384, 0.6149490210150814, -0.27781172901902407, -0.38169118601200647, -0.36954196401544026, -0.22731263630454568, 0.5108746907192606, 0.4924042118877232, 0.5196084792221881, 0.46666702229200774, -0.16656763507119754, 0.10738382720054418, 0.0, -0.22015578670645142, -0.38893271038285704, -0.5094710230919377, -0.1832323424143194, -0.24397086012447278, 0.0, 0.0, -0.22159503586543194, -0.17339514453539806, 0.0, -0.23144676296691635, -0.32036863855525866, -0.34437381088086116, -0.49163814364524594, -0.4480012460019962, -0.4114136844942997], [0.8500684169301806, 1.0, 0.8798855788853249, -0.1888746405698345, -0.30939393563761364, -0.4080798097302627, 0.0, -0.10472441441608304, 0.0, -0.14658856568748613, 0.0, 0.0, -0.1551604236758195, -0.1948741162627261, 0.704661574812656, 0.7458392439251071, 0.6288593039824734, -0.21046104729816895, -0.3451842941872727, -0.44036325005682, -0.2812988548673969, 0.5882787489597571, 0.5822677609253836, 0.5915193725349231, 0.557226915911144, -0.18938031818757373, 0.10171306184155338, 0.10954341297082593, -0.2418279450480878, -0.3407631627447518, -0.5582764373604197, -0.2699750661819609, -0.36996343800231957, 0.0, 0.0, -0.3061236993193177, -0.285063090388312, -0.13762280703090002, -0.2969934890381245, -0.2812393261866095, -0.3581623774640219, -0.5026610178755819, -0.4507560114331588, -0.47923096643669316], [0.8818701689919121, 0.8798855788853249, 1.0, -0.23269852304916183, -0.3455255500977228, -0.37655589092907293, -0.11961411765371444, -0.1692398994397586, -0.13612774532705219, -0.229193070592413, 0.0, 0.0, -0.13225605581401467, -0.21140497889557164, 0.6599313431135101, 0.729707252376772, 0.648311014087706, -0.3072982818912613, -0.3909165092290183, -0.40925895804163037, -0.2548947642898094, 0.5364872305114855, 0.5242890388852162, 0.5404407516996109, 0.5103425980087465, -0.10022853968827983, 0.1085053169138992, 0.0, -0.209948046954054, -0.3406303478942494, -0.5268746340025108, -0.1666155614186422, -0.2462779933827477, 0.0, 0.10385084072232831, -0.20493189256973654, -0.20358180376718238, 0.0, -0.3006558506847963, -0.38382877880952115, -0.4197057540058211, -0.5096621747802135, -0.474881769034484, -0.4094706325922419], [-0.2168398090269319, -0.1888746405698345, -0.23269852304916183, 1.0, -0.22994815562695914, -0.21758298985533298, -0.35623376040665145, 0.4032432371132211, 0.3687520740031287, 0.4472740092308739, 0.0, -0.4548090542638006, -0.4304464855922232, -0.1781856238598698, 0.0, 0.0, 0.0, 0.5478418761815173, 0.5928513877791902, 0.29895881277601255, 0.4237942978285887, 0.0, 0.0, -0.12201664147597158, 0.0, 0.0, 0.29267419540366246, 0.3395434184550289, 0.43417765590769997, 0.270279461270882, 0.20184289055816007, -0.4422398775747205, -0.32146582419001835, -0.3537371996477163, -0.39255864473673174, -0.17115728305844535, -0.22154601548601538, -0.35849195826819447, 0.21191970175175912, 0.0, 0.0, 0.0, 0.11806110816226012, 0.0], [-0.3149720602413466, -0.30939393563761364, -0.3455255500977228, -0.22994815562695914, 1.0, 0.8645376597605194, 0.557170340088211, -0.333301906484341, -0.31780493721126835, -0.29516179969072986, -0.22213222132047994, 0.37925669308738785, 0.4109693326522741, 0.37324533591539666, -0.4104765415193441, -0.4171345645572053, -0.5427732603749469, -0.19653689317250111, -0.20880949573384577, 0.0, -0.14298294337734352, -0.4464686872472692, -0.4117005569907779, -0.39519252401329763, -0.3978627815122404, 0.0, -0.5161544237190356, -0.4038799297456446, -0.25361190481867646, 0.0, 0.3765254699880747, 0.40381632450174354, 0.3887566408295632, 0.0, 0.0, 0.0, 0.1830064859582854, 0.21126335220897696, 0.0, 0.28368846341571397, 0.3124229842000117, 0.40289796784632015, 0.4335971926944895, 0.331302868263059], [-0.35710067231658393, -0.4080798097302627, -0.37655589092907293, -0.21758298985533298, 0.8645376597605194, 1.0, 0.4480991835753093, -0.38601890605679867, -0.37647920917677213, -0.3595614720388074, -0.1631233468354394, 0.3039912702220686, 0.4517458962538623, 0.38567807058179016, -0.5260464106469445, -0.5276219440700041, -0.5838697624385247, -0.26010875252650845, -0.20880557512532905, 0.16898560703483234, 0.0, -0.5885814319523481, -0.5411962796539318, -0.534251980972279, -0.5318394431972562, 0.13687885749516226, -0.4613546661638801, -0.4224947238213079, -0.1881843616965917, 0.0, 0.4712182972233121, 0.5397307184692958, 0.5449851894569799, 0.0, 0.0, 0.16802616755286304, 0.2907462098651864, 0.300522337349608, 0.0, 0.19375867441069583, 0.2677075528084749, 0.4372852001018982, 0.437439374621037, 0.4587965290718299], [-0.12691536797063696, 0.0, -0.11961411765371444, -0.35623376040665145, 0.557170340088211, 0.4480991835753093, 1.0, -0.10847553534052401, 0.0, -0.16716567936529025, 0.0, 0.7122036463400362, 0.29325059940759013, 0.23206544779666138, 0.0, -0.11054750149747572, -0.2568841486371394, 0.0, -0.21202529722060248, -0.2370856737840581, -0.44769774503132664, 0.0, 0.0, 0.0, 0.0, -0.10082117873615881, -0.262678166728499, -0.22371130963203956, -0.3838437840488438, 0.0, -0.11508646585445925, 0.10270430865353775, 0.0, 0.276270252964226, 0.2985096557630249, 0.0, 0.0, 0.11961156454089616, -0.23580770869406953, 0.23164983115468352, 0.0, 0.0, 0.0, -0.2727730462053386], [-0.1935978292123688, -0.10472441441608304, -0.1692398994397586, 0.4032432371132211, -0.333301906484341, -0.38601890605679867, -0.10847553534052401, 1.0, 0.9392200156217486, 0.9306544678635549, 0.2530672752978266, -0.3703524414144448, -0.6055242462727668, -0.49616931118070395, 0.14156768106159145, 0.0, 0.1252070307261326, 0.5733537533527797, 0.5269928820127244, 0.12161875788843757, 0.26856296763704557, 0.2569074126560431, 0.22849690486669982, 0.21875326391744976, 0.21857479218848885, -0.10322458032519832, 0.31499336625805197, 0.3206174692918933, 0.3285777348997151, 0.3593394306205382, -0.19608771578669137, -0.6361935525451483, -0.6157365679647775, -0.13284079607474486, -0.1603176169331919, -0.2650773928877863, -0.3126854766148548, -0.341008015694769, 0.10185543723347901, 0.0, 0.0, -0.19453367911293862, -0.21112476150853698, -0.40601700211957104], [-0.15932377551704135, 0.0, -0.13612774532705219, 0.3687520740031287, -0.31780493721126835, -0.37647920917677213, 0.0, 0.9392200156217486, 1.0, 0.9372353906743599, 0.29308583212335226, -0.2971257821558191, -0.5864862111506297, -0.4952302865053113, 0.15548598720187667, 0.0, 0.11380856276436813, 0.5296047296843578, 0.4584403804229633, 0.0, 0.22360879367256747, 0.26212053857094375, 0.25652587192452025, 0.241875835784233, 0.24579286322229565, -0.10301224796184916, 0.2518744641751597, 0.25617220279915554, 0.30927742091448707, 0.3569719870213024, -0.197956907894983, -0.6419999302908219, -0.6282928785124078, 0.0, -0.12179840812086806, -0.2898699315754456, -0.29446073009237805, -0.31202682511869395, 0.0, 0.0, -0.10909356323251096, -0.1927284285914248, -0.21489359688603238, -0.45088675931843913], [-0.23819646774870873, -0.14658856568748613, -0.229193070592413, 0.4472740092308739, -0.29516179969072986, -0.3595614720388074, -0.16716567936529025, 0.9306544678635549, 0.9372353906743599, 1.0, 0.16898831012968774, -0.4446751374991784, -0.6381180738483643, -0.47525430320264106, 0.0, 0.0, 0.0, 0.6076902096162325, 0.5614338165815472, 0.19529363445286008, 0.3422215254121892, 0.21051589412333926, 0.19478556036016803, 0.1615602831875509, 0.17777287224368998, -0.14482700313250652, 0.27101447682268187, 0.28865349808002105, 0.3755131859737565, 0.35836902752814104, 0.0, -0.652386263237172, -0.5888478670743018, -0.1986877923502186, -0.2325625382880654, -0.26576576038577904, -0.29994917154214673, -0.3743831460954914, 0.13400768577730693, 0.0, 0.0, 0.0, -0.10602684324019873, -0.3253833084198532], [0.0, 0.0, 0.0, 0.0, -0.22213222132047994, -0.1631233468354394, 0.0, 0.2530672752978266, 0.29308583212335226, 0.16898831012968774, 1.0, 0.0, 0.0, -0.3276779577785489, 0.0, -0.13234652342842845, 0.0, 0.0, 0.0, -0.1072245986298177, 0.0, 0.0, 0.0, 0.0, 0.0, 0.5001445244146611, 0.15356237256351635, 0.0, 0.1278986410477222, 0.5280932936491115, -0.16218240870322753, 0.0, -0.10107169757504497, 0.4034166207964318, 0.40942635811174677, 0.14969151680858095, 0.0, 0.23489269327989526, -0.22233906098035705, -0.39088773288374457, -0.4560365438247562, -0.3727124921434486, -0.3949609800550813, -0.2314154138475517], [0.0, 0.0, 0.0, -0.4548090542638006, 0.37925669308738785, 0.3039912702220686, 0.7122036463400362, -0.3703524414144448, -0.2971257821558191, -0.4446751374991784, 0.0, 1.0, 0.6885041844742211, 0.5758996420006324, 0.0, 0.0, -0.22097183042900004, -0.25246371806969536, -0.3999138091061829, -0.342918252633601, -0.5652032968503036, -0.10208253143542856, 0.0, 0.0, 0.0, 0.0, -0.3299118072840297, -0.28877093537635545, -0.420749532706195, -0.17667224056720943, -0.11023119078991783, 0.3294697861035156, 0.1639380005166151, 0.2626280221334566, 0.30058484663115326, 0.0, 0.0, 0.22975461314937462, -0.2673767130276121, 0.13786924078967822, 0.0, 0.0, 0.0, -0.14005502425809535], [0.0, -0.1551604236758195, -0.13225605581401467, -0.4304464855922232, 0.4109693326522741, 0.4517458962538623, 0.29325059940759013, -0.6055242462727668, -0.5864862111506297, -0.6381180738483643, 0.0, 0.6885041844742211, 1.0, 0.7224441537065514, -0.30043326673714965, -0.31816212585396086, -0.36660667140865866, -0.4363192732697432, -0.42276625901858833, 0.0, -0.3264670612410878, -0.4683617236745581, -0.4482085975629888, -0.39479014891285735, -0.40872813323118806, 0.17398453446227524, -0.383871474624506, -0.39643345040849987, -0.30126126482371585, -0.16416309176945965, 0.21731491497148947, 0.6625285158810378, 0.5924942365872564, 0.11324896055221179, 0.1500210460815774, 0.20653205035916844, 0.29728195217210107, 0.40648335967547944, 0.0, 0.0, 0.1117297118214069, 0.2227784906929542, 0.184535304193427, 0.350925740640626], [-0.155075028332599, -0.1948741162627261, -0.21140497889557164, -0.1781856238598698, 0.37324533591539666, 0.38567807058179016, 0.23206544779666138, -0.49616931118070395, -0.4952302865053113, -0.47525430320264106, -0.3276779577785489, 0.5758996420006324, 0.7224441537065514, 1.0, -0.28217607486781193, -0.3334660289163891, -0.38564911030464977, -0.12586055585664457, -0.14490644162242705, 0.0, -0.26509619585006905, -0.4226408098037344, -0.4142845504620909, -0.4054164992082139, -0.4037469814085983, 0.0, -0.340414243830065, -0.2974351135931341, -0.22142674150185315, -0.2784757903084629, 0.26794929878370155, 0.46176087683941613, 0.43755377631411774, -0.10423651708605397, 0.0, 0.0, 0.13918983550720543, 0.1484906392160823, 0.0, 0.2998265718021875, 0.3635455900893585, 0.3451420074165201, 0.33400881022495144, 0.3692294965850227], [0.6564312865439469, 0.704661574812656, 0.6599313431135101, 0.0, -0.4104765415193441, -0.5260464106469445, 0.0, 0.14156768106159145, 0.15548598720187667, 0.0, 0.0, 0.0, -0.30043326673714965, -0.28217607486781193, 1.0, 0.8836518444053582, 0.799178859822669, 0.0, -0.13316259914549056, -0.3771619822262995, -0.1782632390915575, 0.7552833046838081, 0.7255099037068853, 0.7463008973813813, 0.6968836031706449, -0.40844617286252527, 0.31846151228968966, 0.3837166913679335, -0.29318120176909823, -0.35397684315079836, -0.6929418678571249, -0.5163535866911424, -0.6006729195803076, 0.0, 0.0, -0.45812737762702627, -0.4611939822786555, -0.40255762483132784, -0.16653300748317523, -0.13925902621138997, -0.2477750118260773, -0.5259464954756798, -0.48165594403546796, -0.7099388654984844], [0.6994415172289384, 0.7458392439251071, 0.729707252376772, 0.0, -0.4171345645572053, -0.5276219440700041, -0.11054750149747572, 0.0, 0.0, 0.0, -0.13234652342842845, 0.0, -0.31816212585396086, -0.3334660289163891, 0.8836518444053582, 1.0, 0.8300776370177536, 0.0, -0.1927071442543844, -0.37422899353680483, -0.11086760943958551, 0.7480187717290792, 0.720994737757508, 0.7159185016387613, 0.687733084444355, -0.32320822054464604, 0.2872428168870874, 0.33155233130915374, -0.22226064480914198, -0.34154821754011233, -0.6374697492996317, -0.4549344596439653, -0.5242686508569965, 0.0, 0.0, -0.40976681894227696, -0.43424474107265576, -0.36499637767640647, -0.21140375490110896, -0.23509878959796482, -0.32020701690194375, -0.5428381517996208, -0.4635667731277855, -0.5888313053475571], [0.6149490210150814, 0.6288593039824734, 0.648311014087706, 0.0, -0.5427732603749469, -0.5838697624385247, -0.2568841486371394, 0.1252070307261326, 0.11380856276436813, 0.0, 0.0, -0.22097183042900004, -0.36660667140865866, -0.38564911030464977, 0.799178859822669, 0.8300776370177536, 1.0, 0.0, -0.10012273448341458, -0.32629923576007, 0.0, 0.6624928004584496, 0.6300039728456849, 0.6258883407587309, 0.6122764880357621, -0.19358327866546254, 0.4240123044019173, 0.3643365770778426, 0.0, -0.21492731445119162, -0.5690402326507191, -0.4476606906186211, -0.4756004637071336, 0.0, 0.0, -0.28439105329839975, -0.39250461344400844, -0.33140032760532345, -0.18413053422214798, -0.35988529117674517, -0.396936077834543, -0.5577980514834233, -0.5076320255817963, -0.5150300331826378], [-0.27781172901902407, -0.21046104729816895, -0.3072982818912613, 0.5478418761815173, -0.19653689317250111, -0.26010875252650845, 0.0, 0.5733537533527797, 0.5296047296843578, 0.6076902096162325, 0.0, -0.25246371806969536, -0.4363192732697432, -0.12586055585664457, 0.0, 0.0, 0.0, 1.0, 0.897038579879036, 0.24264490133698147, 0.223750921048677, 0.1826650857942519, 0.14206809621422245, 0.0, 0.11479079877269971, -0.3879091625998432, 0.27261688895372094, 0.35345811681513206, 0.22894442879890398, 0.18673049529976904, 0.0, -0.5808687991141968, -0.5223920788165834, -0.3373117898465632, -0.3810906721011962, -0.3449209167652387, -0.45337254543202987, -0.5934352501932074, 0.28509698687189755, 0.27447038937454715, 0.2232481783657384, 0.0, 0.0, -0.2630942255704023], [-0.38169118601200647, -0.3451842941872727, -0.3909165092290183, 0.5928513877791902, -0.20880949573384577, -0.20880557512532905, -0.21202529722060248, 0.5269928820127244, 0.4584403804229633, 0.5614338165815472, 0.0, -0.3999138091061829, -0.42276625901858833, -0.14490644162242705, -0.13316259914549056, -0.1927071442543844, -0.10012273448341458, 0.897038579879036, 1.0, 0.3815490420040246, 0.3642869285907173, 0.0, 0.0, -0.1092481855737164, 0.0, -0.18549094681452338, 0.30175550547224583, 0.3291643511693114, 0.3896900801894714, 0.28953792738402795, 0.12748238152673108, -0.4448428849948489, -0.3460545362748808, -0.30368428722558893, -0.35189381341105963, -0.17713640835500533, -0.27529785871520196, -0.4725515806319873, 0.366686011855049, 0.1501650591469128, 0.15451892992598226, 0.0, 0.0, 0.0], [-0.36954196401544026, -0.44036325005682, -0.40925895804163037, 0.29895881277601255, 0.0, 0.16898560703483234, -0.2370856737840581, 0.12161875788843757, 0.0, 0.19529363445286008, -0.1072245986298177, -0.342918252633601, 0.0, 0.0, -0.3771619822262995, -0.37422899353680483, -0.32629923576007, 0.24264490133698147, 0.3815490420040246, 1.0, 0.3534372677668456, -0.34270750780147385, -0.3519580890194818, -0.4151116812423288, -0.3626845451303293, 0.0, 0.0, 0.0, 0.2151478815925223, 0.0, 0.34977740830192017, 0.0, 0.0, -0.141122753963826, -0.1686782630657273, 0.14310337623492098, 0.19245544100614365, 0.0, 0.400749488904278, 0.11532599556924439, 0.17270478017867497, 0.2982110609272257, 0.25339158440025633, 0.2798110451663217], [-0.22731263630454568, -0.2812988548673969, -0.2548947642898094, 0.4237942978285887, -0.14298294337734352, 0.0, -0.44769774503132664, 0.26856296763704557, 0.22360879367256747, 0.3422215254121892, 0.0, -0.5652032968503036, -0.3264670612410878, -0.26509619585006905, -0.1782632390915575, -0.11086760943958551, 0.0, 0.223750921048677, 0.3642869285907173, 0.3534372677668456, 1.0, -0.1866456979519695, -0.22167591204367088, -0.282305367705036, -0.2526501052779826, 0.1191462257051108, 0.23870221187557228, 0.1995480178948752, 0.41247274961056135, 0.21024615247565293, 0.2415882121856079, -0.18187478500155696, 0.0, -0.24738962198373438, -0.285184469600235, 0.0, 0.0, -0.17474973410765693, 0.16601426829366428, 0.0, 0.0, 0.12881806842787413, 0.14918366164207697, 0.21720128741772027], [0.5108746907192606, 0.5882787489597571, 0.5364872305114855, 0.0, -0.4464686872472692, -0.5885814319523481, 0.0, 0.2569074126560431, 0.26212053857094375, 0.21051589412333926, 0.0, -0.10208253143542856, -0.4683617236745581, -0.4226408098037344, 0.7552833046838081, 0.7480187717290792, 0.6624928004584496, 0.1826650857942519, 0.0, -0.34270750780147385, -0.1866456979519695, 1.0, 0.9545896564827125, 0.9502955365996995, 0.9442765330700231, -0.4251489122064398, 0.2774268795559105, 0.36482819359752094, -0.22366960129839364, -0.2425063092878601, -0.6196554498347768, -0.6221637743501969, -0.6931005558914589, -0.12262523473929288, -0.1195174335829452, -0.48238506164454553, -0.5556139774857751, -0.4973394651373122, -0.20724719653993895, -0.11125266690566615, -0.23745695541842538, -0.5051948763119314, -0.44499056349829913, -0.7126642800070915], [0.4924042118877232, 0.5822677609253836, 0.5242890388852162, 0.0, -0.4117005569907779, -0.5411962796539318, 0.0, 0.22849690486669982, 0.25652587192452025, 0.19478556036016803, 0.0, 0.0, -0.4482085975629888, -0.4142845504620909, 0.7255099037068853, 0.720994737757508, 0.6300039728456849, 0.14206809621422245, 0.0, -0.3519580890194818, -0.22167591204367088, 0.9545896564827125, 1.0, 0.9635291107604176, 0.9701937791484405, -0.4132515638823768, 0.20801134483713746, 0.30030410705061994, -0.24785120802353644, -0.2502474507360142, -0.6246272425854551, -0.5969313825750375, -0.6700864319916955, -0.10391020117291472, 0.0, -0.4658861193977921, -0.5130422654343931, -0.4565265077284, -0.23290453701057356, -0.11009091702279017, -0.23822118570114803, -0.47560128360586607, -0.4158236814692451, -0.6911291927620216], [0.5196084792221881, 0.5915193725349231, 0.5404407516996109, -0.12201664147597158, -0.39519252401329763, -0.534251980972279, 0.0, 0.21875326391744976, 0.241875835784233, 0.1615602831875509, 0.0, 0.0, -0.39479014891285735, -0.4054164992082139, 0.7463008973813813, 0.7159185016387613, 0.6258883407587309, 0.0, -0.1092481855737164, -0.4151116812423288, -0.282305367705036, 0.9502955365996995, 0.9635291107604176, 1.0, 0.9666385848709745, -0.38159910289940724, 0.2000266750337748, 0.28706550937090425, -0.2983681822751423, -0.23807497757845253, -0.654716801813138, -0.5551655185568651, -0.6496476455561395, 0.0, 0.0, -0.4698739483996577, -0.5131977954617448, -0.41696526880515505, -0.2639276969439135, -0.106006872139502, -0.24725843058707797, -0.5046318066661106, -0.4455120104749093, -0.7205921138901821], [0.46666702229200774, 0.557226915911144, 0.5103425980087465, 0.0, -0.3978627815122404, -0.5318394431972562, 0.0, 0.21857479218848885, 0.24579286322229565, 0.17777287224368998, 0.0, 0.0, -0.40872813323118806, -0.4037469814085983, 0.6968836031706449, 0.687733084444355, 0.6122764880357621, 0.11479079877269971, 0.0, -0.3626845451303293, -0.2526501052779826, 0.9442765330700231, 0.9701937791484405, 0.9666385848709745, 1.0, -0.3946792795449543, 0.17893934914703558, 0.2782789030482835, -0.25636020113115365, -0.2435902340979903, -0.6074413372451677, -0.5607551420070638, -0.6365571194194972, -0.10578972140940301, 0.0, -0.46800286687182724, -0.516696859728885, -0.4446849825754182, -0.261978352610994, -0.1009496147743334, -0.23132798073050953, -0.448045307855256, -0.3935009151874249, -0.6802685800242587], [-0.16656763507119754, -0.18938031818757373, -0.10022853968827983, 0.0, 0.0, 0.13687885749516226, -0.10082117873615881, -0.10322458032519832, -0.10301224796184916, -0.14482700313250652, 0.5001445244146611, 0.0, 0.17398453446227524, 0.0, -0.40844617286252527, -0.32320822054464604, -0.19358327866546254, -0.3879091625998432, -0.18549094681452338, 0.0, 0.1191462257051108, -0.4251489122064398, -0.4132515638823768, -0.38159910289940724, -0.3946792795449543, 1.0, 0.0, -0.22933762021076154, 0.3319030687467801, 0.5111043204015423, 0.19540937680795023, 0.43251160767979346, 0.4361878879307145, 0.3252851620299442, 0.3461700030724475, 0.40467179359192107, 0.390504698033889, 0.4840485645401793, -0.18350713057347812, -0.5212149948869178, -0.45697554226211623, -0.18043095533567555, -0.18749292632146197, 0.3587008299449195], [0.10738382720054418, 0.10171306184155338, 0.1085053169138992, 0.29267419540366246, -0.5161544237190356, -0.4613546661638801, -0.262678166728499, 0.31499336625805197, 0.2518744641751597, 0.27101447682268187, 0.15356237256351635, -0.3299118072840297, -0.383871474624506, -0.340414243830065, 0.31846151228968966, 0.2872428168870874, 0.4240123044019173, 0.27261688895372094, 0.30175550547224583, 0.0, 0.23870221187557228, 0.2774268795559105, 0.20801134483713746, 0.2000266750337748, 0.17893934914703558, 0.0, 1.0, 0.8094705803399604, 0.19201638356508233, 0.15352838990810913, -0.28175150404638805, -0.4380380402152193, -0.4079436781525332, 0.0, 0.0, -0.13967320490896196, -0.30077854744150345, -0.33397491029938475, 0.0, -0.21583285035079114, -0.22136511875685416, -0.3319451183155069, -0.3796179750605604, -0.2909013748492175], [0.0, 0.10954341297082593, 0.0, 0.3395434184550289, -0.4038799297456446, -0.4224947238213079, -0.22371130963203956, 0.3206174692918933, 0.25617220279915554, 0.28865349808002105, 0.0, -0.28877093537635545, -0.39643345040849987, -0.2974351135931341, 0.3837166913679335, 0.33155233130915374, 0.3643365770778426, 0.35345811681513206, 0.3291643511693114, 0.0, 0.1995480178948752, 0.36482819359752094, 0.30030410705061994, 0.28706550937090425, 0.2782789030482835, -0.22933762021076154, 0.8094705803399604, 1.0, 0.0, 0.0, -0.3031482907519414, -0.5078531375449296, -0.49005989245278325, -0.22450408452845627, -0.24949567296011055, -0.29650135548244716, -0.38385727764620414, -0.4354309097759743, 0.12048517811824677, 0.0, 0.0, -0.2391251749017851, -0.25461809106966604, -0.3513254500410614], [-0.22015578670645142, -0.2418279450480878, -0.209948046954054, 0.43417765590769997, -0.25361190481867646, -0.1881843616965917, -0.3838437840488438, 0.3285777348997151, 0.30927742091448707, 0.3755131859737565, 0.1278986410477222, -0.420749532706195, -0.30126126482371585, -0.22142674150185315, -0.29318120176909823, -0.22226064480914198, 0.0, 0.22894442879890398, 0.3896900801894714, 0.2151478815925223, 0.41247274961056135, -0.22366960129839364, -0.24785120802353644, -0.2983681822751423, -0.25636020113115365, 0.3319030687467801, 0.19201638356508233, 0.0, 1.0, 0.4757931702047362, 0.2533362048871418, -0.11767413282199879, 0.0, 0.0, 0.0, 0.0, 0.0, 0.0, 0.0, -0.2835294971309852, -0.22653835022631919, 0.0, 0.0, 0.21979114221227058], [-0.38893271038285704, -0.3407631627447518, -0.3406303478942494, 0.270279461270882, 0.0, 0.0, 0.0, 0.3593394306205382, 0.3569719870213024, 0.35836902752814104, 0.5280932936491115, -0.17667224056720943, -0.16416309176945965, -0.2784757903084629, -0.35397684315079836, -0.34154821754011233, -0.21492731445119162, 0.18673049529976904, 0.28953792738402795, 0.0, 0.21024615247565293, -0.2425063092878601, -0.2502474507360142, -0.23807497757845253, -0.2435902340979903, 0.5111043204015423, 0.15352838990810913, 0.0, 0.4757931702047362, 1.0, 0.22504416702548713, 0.0, 0.0, 0.0, 0.0, 0.10990314650603161, 0.0, 0.0, 0.0, -0.2756011242018812, -0.2733617621416333, 0.0, -0.10260848016027513, 0.11508778920783791], [-0.5094710230919377, -0.5582764373604197, -0.5268746340025108, 0.20184289055816007, 0.3765254699880747, 0.4712182972233121, -0.11508646585445925, -0.19608771578669137, -0.197956907894983, 0.0, -0.16218240870322753, -0.11023119078991783, 0.21731491497148947, 0.26794929878370155, -0.6929418678571249, -0.6374697492996317, -0.5690402326507191, 0.0, 0.12748238152673108, 0.34977740830192017, 0.2415882121856079, -0.6196554498347768, -0.6246272425854551, -0.654716801813138, -0.6074413372451677, 0.19540937680795023, -0.28175150404638805, -0.3031482907519414, 0.2533362048871418, 0.22504416702548713, 1.0, 0.42438971803847303, 0.5463564802876545, -0.29142129810794826, -0.28706753290831877, 0.158330814268677, 0.21516080406658478, 0.11227439936539374, 0.0, 0.16904723206790173, 0.27477702057906694, 0.5824498961814428, 0.5747291376448029, 0.6937393075719441], [-0.1832323424143194, -0.2699750661819609, -0.1666155614186422, -0.4422398775747205, 0.40381632450174354, 0.5397307184692958, 0.10270430865353775, -0.6361935525451483, -0.6419999302908219, -0.652386263237172, 0.0, 0.3294697861035156, 0.6625285158810378, 0.46176087683941613, -0.5163535866911424, -0.4549344596439653, -0.4476606906186211, -0.5808687991141968, -0.4448428849948489, 0.0, -0.18187478500155696, -0.6221637743501969, -0.5969313825750375, -0.5551655185568651, -0.5607551420070638, 0.43251160767979346, -0.4380380402152193, -0.5078531375449296, -0.11767413282199879, 0.0, 0.42438971803847303, 1.0, 0.9313667248279989, 0.16874089621990973, 0.2119686865926469, 0.42986142104086633, 0.45288857595070064, 0.5460887772251531, -0.1276888717318403, 0.0, 0.0, 0.2526676499851115, 0.24891083777005663, 0.6350157389951552], [-0.24397086012447278, -0.36996343800231957, -0.2462779933827477, -0.32146582419001835, 0.3887566408295632, 0.5449851894569799, 0.0, -0.6157365679647775, -0.6282928785124078, -0.5888478670743018, -0.10107169757504497, 0.1639380005166151, 0.5924942365872564, 0.43755377631411774, -0.6006729195803076, -0.5242686508569965, -0.4756004637071336, -0.5223920788165834, -0.3460545362748808, 0.0, 0.0, -0.6931005558914589, -0.6700864319916955, -0.6496476455561395, -0.6365571194194972, 0.4361878879307145, -0.4079436781525332, -0.49005989245278325, 0.0, 0.0, 0.5463564802876545, 0.9313667248279989, 1.0, 0.0, 0.10192416300029072, 0.43648121810866725, 0.47262671993127336, 0.4976892101552628, 0.0, 0.0, 0.0, 0.3624151001336108, 0.3543183753036404, 0.75782203502291], [0.0, 0.0, 0.0, -0.3537371996477163, 0.0, 0.0, 0.276270252964226, -0.13284079607474486, 0.0, -0.1986877923502186, 0.4034166207964318, 0.2626280221334566, 0.11324896055221179, -0.10423651708605397, 0.0, 0.0, 0.0, -0.3373117898465632, -0.30368428722558893, -0.141122753963826, -0.24738962198373438, -0.12262523473929288, -0.10391020117291472, 0.0, -0.10578972140940301, 0.3252851620299442, 0.0, -0.22450408452845627, 0.0, 0.0, -0.29142129810794826, 0.16874089621990973, 0.0, 1.0, 0.9899956675099244, 0.6385898318420743, 0.5185791283352146, 0.6182104634104767, 0.0, -0.32051309357760926, -0.3710252400229326, -0.397736948214535, -0.4702610578014479, -0.16674473911179444], [0.0, 0.0, 0.10385084072232831, -0.39255864473673174, 0.0, 0.0, 0.2985096557630249, -0.1603176169331919, -0.12179840812086806, -0.2325625382880654, 0.40942635811174677, 0.30058484663115326, 0.1500210460815774, 0.0, 0.0, 0.0, 0.0, -0.3810906721011962, -0.35189381341105963, -0.1686782630657273, -0.285184469600235, -0.1195174335829452, 0.0, 0.0, 0.0, 0.3461700030724475, 0.0, -0.24949567296011055, 0.0, 0.0, -0.28706753290831877, 0.2119686865926469, 0.10192416300029072, 0.9899956675099244, 1.0, 0.6260344620106778, 0.5224560702456187, 0.6359079236668848, 0.0, -0.34194060664081793, -0.3909565949642386, -0.4055401793483222, -0.4757772298474019, -0.15594054445455985], [-0.22159503586543194, -0.3061236993193177, -0.20493189256973654, -0.17115728305844535, 0.0, 0.16802616755286304, 0.0, -0.2650773928877863, -0.2898699315754456, -0.26576576038577904, 0.14969151680858095, 0.0, 0.20653205035916844, 0.0, -0.45812737762702627, -0.40976681894227696, -0.28439105329839975, -0.3449209167652387, -0.17713640835500533, 0.14310337623492098, 0.0, -0.48238506164454553, -0.4658861193977921, -0.4698739483996577, -0.46800286687182724, 0.40467179359192107, -0.13967320490896196, -0.29650135548244716, 0.0, 0.10990314650603161, 0.158330814268677, 0.42986142104086633, 0.43648121810866725, 0.6385898318420743, 0.6260344620106778, 1.0, 0.698349847576895, 0.6518495244885301, 0.27117782053288697, -0.25653286808130105, -0.17120313295132195, 0.0, 0.0, 0.34344099976863984], [-0.17339514453539806, -0.285063090388312, -0.20358180376718238, -0.22154601548601538, 0.1830064859582854, 0.2907462098651864, 0.0, -0.3126854766148548, -0.29446073009237805, -0.29994917154214673, 0.0, 0.0, 0.29728195217210107, 0.13918983550720543, -0.4611939822786555, -0.43424474107265576, -0.39250461344400844, -0.45337254543202987, -0.27529785871520196, 0.19245544100614365, 0.0, -0.5556139774857751, -0.5130422654343931, -0.5131977954617448, -0.516696859728885, 0.390504698033889, -0.30077854744150345, -0.38385727764620414, 0.0, 0.0, 0.21516080406658478, 0.45288857595070064, 0.47262671993127336, 0.5185791283352146, 0.5224560702456187, 0.698349847576895, 1.0, 0.7513385846853282, 0.26252055724076595, -0.19489950245957344, 0.0, 0.0, 0.0, 0.4002921668382824], [0.0, -0.13762280703090002, 0.0, -0.35849195826819447, 0.21126335220897696, 0.300522337349608, 0.11961156454089616, -0.341008015694769, -0.31202682511869395, -0.3743831460954914, 0.23489269327989526, 0.22975461314937462, 0.40648335967547944, 0.1484906392160823, -0.40255762483132784, -0.36499637767640647, -0.33140032760532345, -0.5934352501932074, -0.4725515806319873, 0.0, -0.17474973410765693, -0.4973394651373122, -0.4565265077284, -0.41696526880515505, -0.4446849825754182, 0.4840485645401793, -0.33397491029938475, -0.4354309097759743, 0.0, 0.0, 0.11227439936539374, 0.5460887772251531, 0.4976892101552628, 0.6182104634104767, 0.6359079236668848, 0.6518495244885301, 0.7513385846853282, 1.0, 0.0, -0.2783882548809842, -0.22858108051765047, 0.0, 0.0, 0.291049925918321], [-0.23144676296691635, -0.2969934890381245, -0.3006558506847963, 0.21191970175175912, 0.0, 0.0, -0.23580770869406953, 0.10185543723347901, 0.0, 0.13400768577730693, -0.22233906098035705, -0.2673767130276121, 0.0, 0.0, -0.16653300748317523, -0.21140375490110896, -0.18413053422214798, 0.28509698687189755, 0.366686011855049, 0.400749488904278, 0.16601426829366428, -0.20724719653993895, -0.23290453701057356, -0.2639276969439135, -0.261978352610994, -0.18350713057347812, 0.0, 0.12048517811824677, 0.0, 0.0, 0.0, -0.1276888717318403, 0.0, 0.0, 0.0, 0.27117782053288697, 0.26252055724076595, 0.0, 1.0, 0.1326466330413374, 0.2043011205725227, 0.14054410408304574, 0.0, 0.11685635502176595], [-0.32036863855525866, -0.2812393261866095, -0.38382877880952115, 0.0, 0.28368846341571397, 0.19375867441069583, 0.23164983115468352, 0.0, 0.0, 0.0, -0.39088773288374457, 0.13786924078967822, 0.0, 0.2998265718021875, -0.13925902621138997, -0.23509878959796482, -0.35988529117674517, 0.27447038937454715, 0.1501650591469128, 0.11532599556924439, 0.0, -0.11125266690566615, -0.11009091702279017, -0.106006872139502, -0.1009496147743334, -0.5212149948869178, -0.21583285035079114, 0.0, -0.2835294971309852, -0.2756011242018812, 0.16904723206790173, 0.0, 0.0, -0.32051309357760926, -0.34194060664081793, -0.25653286808130105, -0.19489950245957344, -0.2783882548809842, 0.1326466330413374, 1.0, 0.9217806673056148, 0.6886224603144997, 0.6593746841744463, 0.0], [-0.34437381088086116, -0.3581623774640219, -0.4197057540058211, 0.0, 0.3124229842000117, 0.2677075528084749, 0.0, 0.0, -0.10909356323251096, 0.0, -0.4560365438247562, 0.0, 0.1117297118214069, 0.3635455900893585, -0.2477750118260773, -0.32020701690194375, -0.396936077834543, 0.2232481783657384, 0.15451892992598226, 0.17270478017867497, 0.0, -0.23745695541842538, -0.23822118570114803, -0.24725843058707797, -0.23132798073050953, -0.45697554226211623, -0.22136511875685416, 0.0, -0.22653835022631919, -0.2733617621416333, 0.27477702057906694, 0.0, 0.0, -0.3710252400229326, -0.3909565949642386, -0.17120313295132195, 0.0, -0.22858108051765047, 0.2043011205725227, 0.9217806673056148, 1.0, 0.760016974523075, 0.7366387452812878, 0.23720557586870605], [-0.49163814364524594, -0.5026610178755819, -0.5096621747802135, 0.0, 0.40289796784632015, 0.4372852001018982, 0.0, -0.19453367911293862, -0.1927284285914248, 0.0, -0.3727124921434486, 0.0, 0.2227784906929542, 0.3451420074165201, -0.5259464954756798, -0.5428381517996208, -0.5577980514834233, 0.0, 0.0, 0.2982110609272257, 0.12881806842787413, -0.5051948763119314, -0.47560128360586607, -0.5046318066661106, -0.448045307855256, -0.18043095533567555, -0.3319451183155069, -0.2391251749017851, 0.0, 0.0, 0.5824498961814428, 0.2526676499851115, 0.3624151001336108, -0.397736948214535, -0.4055401793483222, 0.0, 0.0, 0.0, 0.14054410408304574, 0.6886224603144997, 0.760016974523075, 1.0, 0.8643940642051673, 0.5091965429496721], [-0.4480012460019962, -0.4507560114331588, -0.474881769034484, 0.11806110816226012, 0.4335971926944895, 0.437439374621037, 0.0, -0.21112476150853698, -0.21489359688603238, -0.10602684324019873, -0.3949609800550813, 0.0, 0.184535304193427, 0.33400881022495144, -0.48165594403546796, -0.4635667731277855, -0.5076320255817963, 0.0, 0.0, 0.25339158440025633, 0.14918366164207697, -0.44499056349829913, -0.4158236814692451, -0.4455120104749093, -0.3935009151874249, -0.18749292632146197, -0.3796179750605604, -0.25461809106966604, 0.0, -0.10260848016027513, 0.5747291376448029, 0.24891083777005663, 0.3543183753036404, -0.4702610578014479, -0.4757772298474019, 0.0, 0.0, 0.0, 0.0, 0.6593746841744463, 0.7366387452812878, 0.8643940642051673, 1.0, 0.5199410244165968], [-0.4114136844942997, -0.47923096643669316, -0.4094706325922419, 0.0, 0.331302868263059, 0.4587965290718299, -0.2727730462053386, -0.40601700211957104, -0.45088675931843913, -0.3253833084198532, -0.2314154138475517, -0.14005502425809535, 0.350925740640626, 0.3692294965850227, -0.7099388654984844, -0.5888313053475571, -0.5150300331826378, -0.2630942255704023, 0.0, 0.2798110451663217, 0.21720128741772027, -0.7126642800070915, -0.6911291927620216, -0.7205921138901821, -0.6802685800242587, 0.3587008299449195, -0.2909013748492175, -0.3513254500410614, 0.21979114221227058, 0.11508778920783791, 0.6937393075719441, 0.6350157389951552, 0.75782203502291, -0.16674473911179444, -0.15594054445455985, 0.34344099976863984, 0.4002921668382824, 0.291049925918321, 0.11685635502176595, 0.0, 0.23720557586870605, 0.5091965429496721, 0.5199410244165968, 1.0]], "links": [], "views": [{"N_row_sum": "all", "dist": "cos", "nodes": {"row_nodes": [{"group": [22.0, 9.0, 6.0, 5.0, 3.0, 2.0, 2.0, 2.0, 1.0, 1.0, 1.0], "name": "CREBBP", "clust": 22, "rank": 4, "ini": 44, "rankvar": 28}, {"group": [24.0, 9.0, 6.0, 5.0, 3.0, 2.0, 2.0, 2.0, 1.0, 1.0, 1.0], "name": "CREBBP.1", "clust": 21, "rank": 5, "ini": 43, "rankvar": 33}, {"group": [23.0, 9.0, 6.0, 5.0, 3.0, 2.0, 2.0, 2.0, 1.0, 1.0, 1.0], "name": "CREBBP.2", "clust": 23, "rank": 3, "ini": 42, "rankvar": 30}, {"group": [39.0, 11.0, 7.0, 6.0, 4.0, 3.0, 2.0, 2.0, 1.0, 1.0, 1.0], "name": "PBX3", "clust": 36, "rank": 38, "ini": 41, "rankvar": 7}, {"group": [16.0, 8.0, 5.0, 4.0, 2.0, 1.0, 1.0, 1.0, 1.0, 1.0, 1.0], "name": "RAD21", "clust": 15, "rank": 14, "ini": 40, "rankvar": 20}, {"group": [17.0, 8.0, 5.0, 4.0, 2.0, 1.0, 1.0, 1.0, 1.0, 1.0, 1.0], "name": "RAD21.1", "clust": 16, "rank": 16, "ini": 39, "rankvar": 31}, {"group": [8.0, 5.0, 3.0, 3.0, 2.0, 1.0, 1.0, 1.0, 1.0, 1.0, 1.0], "name": "CTCF", "clust": 7, "rank": 30, "ini": 38, "rankvar": 2}, {"group": [34.0, 11.0, 7.0, 6.0, 4.0, 3.0, 2.0, 2.0, 1.0, 1.0, 1.0], "name": "ELF3", "clust": 34, "rank": 43, "ini": 37, "rankvar": 23}, {"group": [35.0, 11.0, 7.0, 6.0, 4.0, 3.0, 2.0, 2.0, 1.0, 1.0, 1.0], "name": "KLF5", "clust": 35, "rank": 42, "ini": 36, "rankvar": 22}, {"group": [36.0, 11.0, 7.0, 6.0, 4.0, 3.0, 2.0, 2.0, 1.0, 1.0, 1.0], "name": "ZEB1", "clust": 33, "rank": 41, "ini": 35, "rankvar": 25}, {"group": [7.0, 4.0, 2.0, 2.0, 1.0, 1.0, 1.0, 1.0, 1.0, 1.0, 1.0], "name": "PHF8", "clust": 0, "rank": 36, "ini": 34, "rankvar": 1}, {"group": [9.0, 5.0, 3.0, 3.0, 2.0, 1.0, 1.0, 1.0, 1.0, 1.0, 1.0], "name": "NMYC", "clust": 8, "rank": 18, "ini": 33, "rankvar": 8}, {"group": [20.0, 8.0, 5.0, 4.0, 2.0, 1.0, 1.0, 1.0, 1.0, 1.0, 1.0], "name": "NMYC.1", "clust": 19, "rank": 8, "ini": 32, "rankvar": 27}, {"group": [21.0, 8.0, 5.0, 4.0, 2.0, 1.0, 1.0, 1.0, 1.0, 1.0, 1.0], "name": "NMYC.2", "clust": 20, "rank": 6, "ini": 31, "rankvar": 16}, {"group": [29.0, 9.0, 6.0, 5.0, 3.0, 2.0, 2.0, 2.0, 1.0, 1.0, 1.0], "name": "BCL6", "clust": 29, "rank": 20, "ini": 30, "rankvar": 40}, {"group": [30.0, 9.0, 6.0, 5.0, 3.0, 2.0, 2.0, 2.0, 1.0, 1.0, 1.0], "name": "BCL6.1", "clust": 30, "rank": 12, "ini": 29, "rankvar": 38}, {"group": [31.0, 9.0, 6.0, 5.0, 3.0, 2.0, 2.0, 2.0, 1.0, 1.0, 1.0], "name": "BCL6.2", "clust": 28, "rank": 17, "ini": 28, "rankvar": 35}, {"group": [37.0, 11.0, 7.0, 6.0, 4.0, 3.0, 2.0, 2.0, 1.0, 1.0, 1.0], "name": "JUN", "clust": 37, "rank": 37, "ini": 27, "rankvar": 19}, {"group": [38.0, 11.0, 7.0, 6.0, 4.0, 3.0, 2.0, 2.0, 1.0, 1.0, 1.0], "name": "JUND", "clust": 38, "rank": 39, "ini": 26, "rankvar": 17}, {"group": [40.0, 12.0, 8.0, 7.0, 4.0, 3.0, 2.0, 2.0, 1.0, 1.0, 1.0], "name": "ZNF217", "clust": 39, "rank": 27, "ini": 25, "rankvar": 6}, {"group": [44.0, 15.0, 9.0, 7.0, 4.0, 3.0, 2.0, 2.0, 1.0, 1.0, 1.0], "name": "ESRRB", "clust": 41, "rank": 31, "ini": 24, "rankvar": 3}, {"group": [27.0, 9.0, 6.0, 5.0, 3.0, 2.0, 2.0, 2.0, 1.0, 1.0, 1.0], "name": "EZH1", "clust": 25, "rank": 15, "ini": 23, "rankvar": 43}, {"group": [25.0, 9.0, 6.0, 5.0, 3.0, 2.0, 2.0, 2.0, 1.0, 1.0, 1.0], "name": "EZH2", "clust": 26, "rank": 21, "ini": 22, "rankvar": 41}, {"group": [28.0, 9.0, 6.0, 5.0, 3.0, 2.0, 2.0, 2.0, 1.0, 1.0, 1.0], "name": "EED", "clust": 24, "rank": 9, "ini": 21, "rankvar": 42}, {"group": [26.0, 9.0, 6.0, 5.0, 3.0, 2.0, 2.0, 2.0, 1.0, 1.0, 1.0], "name": "SUZ12", "clust": 27, "rank": 19, "ini": 20, "rankvar": 39}, {"group": [6.0, 3.0, 1.0, 1.0, 1.0, 1.0, 1.0, 1.0, 1.0, 1.0, 1.0], "name": "MYC", "clust": 3, "rank": 26, "ini": 19, "rankvar": 12}, {"group": [32.0, 10.0, 7.0, 6.0, 4.0, 3.0, 2.0, 2.0, 1.0, 1.0, 1.0], "name": "MYC.1", "clust": 31, "rank": 33, "ini": 18, "rankvar": 11}, {"group": [33.0, 10.0, 7.0, 6.0, 4.0, 3.0, 2.0, 2.0, 1.0, 1.0, 1.0], "name": "MYC.2", "clust": 32, "rank": 28, "ini": 17, "rankvar": 14}, {"group": [42.0, 14.0, 9.0, 7.0, 4.0, 3.0, 2.0, 2.0, 1.0, 1.0, 1.0], "name": "TP53", "clust": 42, "rank": 32, "ini": 16, "rankvar": 5}, {"group": [43.0, 14.0, 9.0, 7.0, 4.0, 3.0, 2.0, 2.0, 1.0, 1.0, 1.0], "name": "PCDH7", "clust": 43, "rank": 35, "ini": 15, "rankvar": 4}, {"group": [14.0, 7.0, 5.0, 4.0, 2.0, 1.0, 1.0, 1.0, 1.0, 1.0, 1.0], "name": "BMI1", "clust": 13, "rank": 11, "ini": 14, "rankvar": 32}, {"group": [18.0, 8.0, 5.0, 4.0, 2.0, 1.0, 1.0, 1.0, 1.0, 1.0, 1.0], "name": "FUS", "clust": 17, "rank": 1, "ini": 13, "rankvar": 36}, {"group": [19.0, 8.0, 5.0, 4.0, 2.0, 1.0, 1.0, 1.0, 1.0, 1.0, 1.0], "name": "TAF15", "clust": 18, "rank": 0, "ini": 12, "rankvar": 37}, {"group": [1.0, 1.0, 1.0, 1.0, 1.0, 1.0, 1.0, 1.0, 1.0, 1.0, 1.0], "name": "NANOG", "clust": 1, "rank": 34, "ini": 11, "rankvar": 9}, {"group": [2.0, 1.0, 1.0, 1.0, 1.0, 1.0, 1.0, 1.0, 1.0, 1.0, 1.0], "name": "NANOG.1", "clust": 2, "rank": 40, "ini": 10, "rankvar": 13}, {"group": [3.0, 2.0, 1.0, 1.0, 1.0, 1.0, 1.0, 1.0, 1.0, 1.0, 1.0], "name": "NANOG.2", "clust": 5, "rank": 25, "ini": 9, "rankvar": 18}, {"group": [4.0, 2.0, 1.0, 1.0, 1.0, 1.0, 1.0, 1.0, 1.0, 1.0, 1.0], "name": "NANOG.3", "clust": 6, "rank": 22, "ini": 8, "rankvar": 21}, {"group": [5.0, 2.0, 1.0, 1.0, 1.0, 1.0, 1.0, 1.0, 1.0, 1.0, 1.0], "name": "NANOG.4", "clust": 4, "rank": 24, "ini": 7, "rankvar": 24}, {"group": [41.0, 13.0, 8.0, 7.0, 4.0, 3.0, 2.0, 2.0, 1.0, 1.0, 1.0], "name": "GATA2", "clust": 40, "rank": 29, "ini": 6, "rankvar": 0}, {"group": [12.0, 6.0, 4.0, 4.0, 2.0, 1.0, 1.0, 1.0, 1.0, 1.0, 1.0], "name": "RUNX1", "clust": 11, "rank": 23, "ini": 5, "rankvar": 10}, {"group": [13.0, 6.0, 4.0, 4.0, 2.0, 1.0, 1.0, 1.0, 1.0, 1.0, 1.0], "name": "TAL1", "clust": 12, "rank": 13, "ini": 4, "rankvar": 15}, {"group": [10.0, 6.0, 4.0, 4.0, 2.0, 1.0, 1.0, 1.0, 1.0, 1.0, 1.0], "name": "GATA2.1", "clust": 9, "rank": 10, "ini": 3, "rankvar": 29}, {"group": [11.0, 6.0, 4.0, 4.0, 2.0, 1.0, 1.0, 1.0, 1.0, 1.0, 1.0], "name": "GATA2.2", "clust": 10, "rank": 7, "ini": 2, "rankvar": 26}, {"group": [15.0, 7.0, 5.0, 4.0, 2.0, 1.0, 1.0, 1.0,